12 0.328125 0.528125 0.16484375 0.2671875
12 0.6984375 0.52109375 0.090625 0.06640625
12 0.5375 0.73984375 0.0546875 0.0578125
12 0.48359375 0.65859375 0.04140625 0.04375
12 0.56640625 0.5140625 0.04140625 0.07421875
12 0.5015625 0.375 0.0546875 0.0609375
12 0.66796875 0.31875 0.0578125 0.06875
12 0.8625 0.2703125 0.04375 0.03828125
12 0.50859375 0.296875 0.0796875 0.05234375
12 0.59921875 0.22734375 0.05234375 0.046875
12 0.459375 0.17265625 0.04140625 0.0140625
12 0.1328125 0.43828125 0.04375 0.04375
12 0.22734375 0.38203125 0.0359375 0.06875
12 0.28984375 0.69453125 0.0609375 0.04375