12 0.28359375 0.046875 0.159375 0.09375
12 0.75 0.153125 0.3109375 0.2671875
12 0.4609375 0.415625 0.49296875 0.39609375
12 0.7609375 0.65703125 0.13515625 0.1015625
12 0.92890625 0.49296875 0.06875 0.09375
12 0.940625 0.684375 0.090625 0.1015625
12 0.9234375 0.86875 0.153125 0.184375
12 0.63046875 0.84375 0.17109375 0.10703125
12 0.17109375 0.9140625 0.07734375 0.09921875
12 0.29296875 0.946875 0.1015625 0.10546875
12 0.1421875 0.68984375 0.278125 0.1734375
12 0.45859375 0.9359375 0.09609375 0.1046875
12 0.0921875 0.54765625 0.10703125 0.1046875