12 0.20390625 0.38984375 0.1484375 0.21171875
12 0.540625 0.27265625 0.1734375 0.19296875
12 0.53828125 0.4609375 0.13515625 0.1296875
12 0.703125 0.45546875 0.1015625 0.21171875
12 0.26953125 0.6625 0.1484375 0.1515625
12 0.6953125 0.65390625 0.15703125 0.1296875
12 0.878125 0.14453125 0.04921875 0.090625
12 0.26953125 0.16640625 0.115625 0.140625
12 0.059375 0.35 0.090625 0.159375
12 0.07734375 0.69921875 0.06640625 0.0609375
12 0.05078125 0.83671875 0.06875 0.15390625
12 0.22890625 0.646875 0.18203125 0.14296875
12 0.3921875 0.84921875 0.15703125 0.14609375
12 0.628125 0.85390625 0.26953125 0.1375