24 0.074375 0.44 0.12 0.183125
24 0.605 0.64 0.11625 0.190625
24 0.925 0.6575 0.114375 0.165625
24 0.84125 0.608125 0.066875 0.121875
24 0.35875 0.308125 0.096875 0.101875
24 0.075625 0.616875 0.08125 0.155
24 0.13875 0.829375 0.09375 0.1325
24 0.199375 0.6525 0.066875 0.155
24 0.220625 0.408125 0.09875 0.170625
24 0.309375 0.106875 0.17125 0.168125
24 0.519375 0.051875 0.199375 0.099375
24 0.851875 0.13125 0.155 0.119375
24 0.893125 0.36375 0.181875 0.3
24 0.606875 0.336875 0.17625 0.21625
24 0.689375 0.381875 0.088125 0.173125
24 0.845625 0.893125 0.1075 0.21375
24 0.62375 0.829375 0.185 0.183125
24 0.308125 0.8775 0.18625 0.245
24 0.3525 0.72625 0.11625 0.13
24 0.384375 0.591875 0.109375 0.104375
24 0.5175 0.58875 0.1075 0.104375
24 0.4425 0.8 0.091875 0.2725