5 0.29875 0.6475 0.268125 0.251875
5 0.381875 0.7575 0.171875 0.328125
5 0.58375 0.633125 0.288125 0.253125
5 0.70375 0.448125 0.14375 0.24
5 0.871875 0.396875 0.25625 0.230625
5 0.611875 0.381875 0.268125 0.2225
5 0.394375 0.39375 0.166875 0.289375
5 0.343125 0.198125 0.18 0.273125
5 0.145625 0.0625 0.245 0.1225
5 0.17 0.483125 0.15625 0.294375
5 0.073125 0.72875 0.14375 0.1775
5 0.15625 0.81 0.151875 0.32125
5 0.89625 0.244375 0.131875 0.22
5 0.63625 0.2525 0.193125 0.150625
5 0.535 0.093125 0.211875 0.146875