14 0.30125 0.67125 0.115 0.15875
14 0.54375 0.69625 0.14375 0.21625
14 0.550625 0.5225 0.13125 0.1175
14 0.4225 0.433125 0.116875 0.13875
14 0.345625 0.431875 0.06125 0.09875
14 0.285 0.4225 0.07375 0.125625
14 0.236875 0.54375 0.12 0.1575
14 0.56625 0.40625 0.116875 0.1
14 0.51625 0.333125 0.07 0.13875
14 0.59625 0.319375 0.09 0.126875
14 0.735625 0.328125 0.125 0.114375
14 0.7575 0.41625 0.143125 0.090625
14 0.835625 0.355625 0.06875 0.07875
14 0.75375 0.55875 0.15625 0.10375
14 0.85625 0.569375 0.07375 0.106875
14 0.835625 0.691875 0.09875 0.1575
14 0.474375 0.833125 0.185 0.170625
14 0.298125 0.83375 0.17625 0.174375
14 0.115 0.69125 0.11 0.14
14 0.075 0.569375 0.091875 0.111875