5 0.5975 0.28625 0.126875 0.2375
5 0.699375 0.425 0.145 0.135
5 0.72375 0.134375 0.105625 0.2625
5 0.82375 0.268125 0.225 0.209375
5 0.850625 0.08625 0.1875 0.1625
5 0.62875 0.698125 0.095 0.21
5 0.765625 0.799375 0.1975 0.310625
5 0.850625 0.690625 0.20625 0.13
5 0.73625 0.585 0.1625 0.175
5 0.625 0.84375 0.118125 0.255625
5 0.52125 0.693125 0.153125 0.275
5 0.449375 0.49875 0.08625 0.179375
5 0.53625 0.4175 0.13375 0.246875
5 0.34625 0.219375 0.195 0.134375
5 0.22375 0.403125 0.090625 0.105
5 0.33125 0.439375 0.121875 0.124375
5 0.283125 0.685 0.2 0.205