25 0.135625 0.41625 0.133125 0.22625
25 0.181875 0.46375 0.071875 0.208125
25 0.639375 0.344375 0.08125 0.241875
25 0.7925 0.495 0.155 0.165
25 0.826875 0.62 0.110625 0.135
25 0.7475 0.623125 0.11125 0.1125
25 0.6875 0.549375 0.06875 0.129375
25 0.2825 0.36625 0.073125 0.045625
25 0.383125 0.364375 0.06875 0.070625
25 0.396875 0.433125 0.026875 0.083125
25 0.34875 0.475 0.075 0.0525
25 0.306875 0.641875 0.0575 0.13875
25 0.24875 0.579375 0.1125 0.26375
25 0.363125 0.57125 0.0925 0.120625
25 0.49125 0.43625 0.140625 0.11125
25 0.574375 0.479375 0.07375 0.130625